▶ 10MIN
CB
7.0414, 0.0561, 86.9404, 9.3242, 0.0052, 0.4721, 0.9267, 1.7243058681488037
0.1262, 0.3796, 0.0389, 0.1971, 0.0148, -0.028, 0.3621, 0.6683177947998047
4.1581, 0.0614, 29.0521, 5.39, 0.0058, -0.229, 0.9256, 1.3889350891113281
3.8984, 0.0695, 25.7776, 5.0772, 0.0078, 0.6958, 0.887, 1.1054346561431885
DT
12.0653, 0.0983, 306.9606, 17.5203, 0.017, -1.0568, 0.7411, 0.9730007648468018
0.1237, 0.3688, 0.0388, 0.197, 0.0147, -0.0235, 0.3629, 0.0409998893737793
6.7229, 0.097, 99.277, 9.9638, 0.016, -0.6841, 0.7459, 0.6260004043579102
6.193, 0.1133, 69.982, 8.3655, 0.0202, -0.2813, 0.6931, 0.3970003128051758
LGBM
7.0793, 0.0565, 88.4126, 9.4028, 0.0053, 0.8099, 0.9254, 19.22600746154785
0.1294, 0.3953, 0.0399, 0.1996, 0.0153, -0.0356, 0.3456, 5.265798091888428
4.0031, 0.058, 28.1272, 5.3035, 0.0053, 0.2654, 0.928, 13.671079397201538
3.9062, 0.0699, 25.973, 5.0964, 0.0079, 0.5061, 0.8861, 9.97300410270691
RF
9.7832, 0.0806, 174.539, 13.2113, 0.0108, -1.4352, 0.8528, 164.06193685531616
0.121, 0.3572, 0.0379, 0.1947, 0.0142, -0.0217, 0.3776, 6.816325664520264
5.3534, 0.0793, 51.6644, 7.1878, 0.0098, -0.8237, 0.8677, 105.6603033542633
4.7732, 0.0869, 38.1563, 6.1771, 0.0118, -0.0485, 0.8327, 66.26946139335632
XGB
8.3994, 0.0675, 124.0252, 11.1367, 0.0075, 0.3341, 0.8954, 1.1150004863739014
0.1227, 0.3658, 0.0384, 0.1959, 0.0145, -0.0233, 0.37, 0.10399937629699707
4.7037, 0.0677, 40.0944, 6.332, 0.0073, 0.3021, 0.8974, 1.0049996376037598
4.4418, 0.0798, 33.6571, 5.8015, 0.0102, 0.3595, 0.8524, 0.597999095916748

▶ 1H
CB
6.9637, 0.0577, 84.0052, 9.1654, 0.0054, -0.047, 0.9255, 1.857753038406372
0.152, 18207586455685.855, 0.0633, 0.2517, -0.0232, 0.3342, 0.7984883785247803
3.7396, 0.0685, 24.2047, 4.9198, 0.0078, 0.7421, 0.8867, 1.0533409118652344
4.0607, 0.0607, 27.8193, 5.2744, 0.0057, 0.1124, 0.9257, 1.4216482639312744
DT
12.0693, 0.1004, 306.3118, 17.5018, 0.0176, -1.0088, 0.7282, 0.9906632900238037
0.1567, 10735977505845.047, 0.0666, 0.2581, -0.0099, 0.2996, 0.046843528747558594
5.2099, 0.0954, 47.8637, 6.9184, 0.0152, 0.8225, 0.776, 0.3827335834503174
6.2922, 0.0942, 78.5174, 8.861, 0.0144, -0.4973, 0.7904, 0.6049766540527344
LGBM
6.8884, 0.0567, 83.5745, 9.1419, 0.0054, 0.585, 0.9258, 19.842622995376587
0.1547, 15969299552191.012, 0.067, 0.2588, -0.03, 0.296, 6.980621337890625
3.7228, 0.0686, 24.0141, 4.9004, 0.0077, 0.506, 0.8876, 9.813904285430908
3.962, 0.0591, 27.365, 5.2312, 0.0055, 0.0201, 0.927, 13.79464054107666
RF
9.5153, 0.0804, 164.4376, 12.8233, 0.0107, -1.3875, 0.8541, 166.2645227909088
0.1511, 11811381208988.162, 0.0635, 0.252, -0.0094, 0.3322, 6.770711898803711
4.5553, 0.0848, 35.0394, 5.9194, 0.0112, 0.1331, 0.836, 63.18107557296753
5.3093, 0.0806, 50.359, 7.0964, 0.0101, -0.7583, 0.8656, 101.52148246765137
XGB
8.548, 0.0704, 127.5788, 11.2951, 0.0081, 0.3775, 0.8868, 1.3067781925201416
0.1558, 29072073831249.246, 0.0627, 0.2504, -0.0345, 0.3408, 0.12191414833068848
4.2368, 0.0775, 30.8163, 5.5512, 0.0099, 0.9416, 0.8558, 0.5287477970123291
4.9359, 0.0746, 42.0842, 6.4872, 0.0085, -0.4643, 0.8877, 0.5900661945343018

▶ 1D
CB
6.9637, 0.0577, 84.0052, 9.1654, 0.0054, -0.047, 0.9255, 1.9491908550262451
2.2276, 0.0915, 8.3681, 2.8928, 0.0123, 0.2324, 0.8382, 0.8325474262237549
3.6961, 0.0619, 23.233, 4.8201, 0.006, -0.4525, 0.9185, 1.1850464344024658
2.4445, 0.0653, 10.0031, 3.1628, 0.0064, 0.4934, 0.9049, 1.0542919635772705
DT
12.0693, 0.1004, 306.3118, 17.5018, 0.0176, -1.0088, 0.7282, 0.984705924987793
2.8196, 0.1138, 13.8326, 3.7192, 0.0204, 0.9139, 0.7326, 0.17142581939697266
5.6368, 0.0949, 58.6767, 7.6601, 0.0144, -1.2642, 0.7943, 0.4873697757720947
3.759, 0.1004, 29.0245, 5.3874, 0.0163, 0.3278, 0.7241, 0.38471317291259766
LGBM
6.8884, 0.0567, 83.5745, 9.1419, 0.0054, 0.585, 0.9258, 22.291433334350586
2.2284, 0.0908, 8.4504, 2.9069, 0.0123, 0.458, 0.8366, 7.367355585098267
3.6228, 0.0611, 22.269, 4.719, 0.0059, -0.4013, 0.9219, 11.749696254730225
2.4337, 0.0651, 10.102, 3.1784, 0.0064, 0.3065, 0.904, 10.8606698513031
RF
9.5153, 0.0804, 164.4376, 12.8233, 0.0107, -1.3875, 0.8541, 166.43572115898132
2.5379, 0.1018, 11.0177, 3.3193, 0.0157, 0.8266, 0.787, 29.245664596557617
4.7165, 0.0817, 37.042, 6.0862, 0.01, -1.5857, 0.8701, 82.48145079612732
3.2657, 0.0887, 18.1335, 4.2583, 0.0117, 0.2733, 0.8276, 63.43636441230774
XGB
8.548, 0.0704, 127.5788, 11.2951, 0.0081, 0.3775, 0.8868, 1.34549880027771
2.384, 0.0967, 9.8029, 3.131, 0.0142, 0.5083, 0.8105, 0.29102516174316406
4.283, 0.0722, 31.4972, 5.6122, 0.0081, -0.653, 0.8896, 0.7116179466247559
2.7828, 0.0741, 13.1519, 3.6266, 0.0082, 0.4652, 0.875, 0.5760722160339355

▶ 1W
CB
6.9637, 0.0577, 84.0052, 9.1654, 0.0054, -0.047, 0.9255, 1.8233857154846191
2.4841, 0.0846, 10.495, 3.2396, 0.0109, 0.1705, 0.8586, 0.8447272777557373
3.4818, 0.0597, 21.1225, 4.5959, 0.0057, 0.125, 0.9204, 1.2541680335998535
2.279, 0.0663, 8.5544, 2.9248, 0.0065, 0.4125, 0.9037, 1.0441017150878906
DT
12.0693, 0.1004, 306.3118, 17.5018, 0.0176, -1.0088, 0.7282, 0.9707527160644531
3.2237, 0.1063, 18.0582, 4.2495, 0.0181, 1.0966, 0.7566, 0.2102961540222168
5.4295, 0.0959, 54.1785, 7.3606, 0.0148, -1.3172, 0.7958, 0.487133264541626
3.5269, 0.1027, 23.3502, 4.8322, 0.0165, 0.3716, 0.7371, 0.3548126220703125
LGBM
6.8884, 0.0567, 83.5745, 9.1419, 0.0054, 0.585, 0.9258, 20.332029104232788
2.4929, 0.0839, 10.6161, 3.2582, 0.0107, 0.4032, 0.8569, 8.075964450836182
3.4282, 0.0594, 20.1871, 4.493, 0.0056, 0.0032, 0.9239, 11.713816404342651
2.2802, 0.0655, 8.8699, 2.9782, 0.0064, 0.4869, 0.9001, 10.213833570480347
RF
9.5153, 0.0804, 164.4376, 12.8233, 0.0107, -1.3875, 0.8541, 166.77396178245544
2.868, 0.095, 14.2624, 3.7766, 0.0141, 0.8283, 0.8078, 34.70821762084961
4.7137, 0.0851, 37.3234, 6.1093, 0.0111, -1.4058, 0.8593, 79.8936231136322
2.9636, 0.0865, 15.1552, 3.893, 0.0111, 0.3193, 0.8293, 58.8017144203186
XGB
8.548, 0.0704, 127.5788, 11.2951, 0.0081, 0.3775, 0.8868, 1.3185901641845703
2.6993, 0.0909, 12.4379, 3.5267, 0.0125, 0.3722, 0.8324, 0.28404974937438965
4.0049, 0.0694, 27.1067, 5.2064, 0.0074, -0.3881, 0.8978, 0.6687624454498291
2.6628, 0.0769, 12.1847, 3.4907, 0.0089, 0.4833, 0.8628, 0.45348191261291504

▶ 1M
CB
6.9637, 0.0577, 84.0052, 9.1654, 0.0054, -0.047, 0.9255, 1.7669758796691895
2.4283, 0.0859, 10.1662, 3.1884, 0.0112, 0.2646, 0.8549, 0.8252010345458984
3.5885, 0.0597, 22.2004, 4.7117, 0.0057, 0.0113, 0.9209, 1.1961617469787598
2.2389, 0.0664, 8.4058, 2.8993, 0.0066, 0.4417, 0.9008, 1.0594558715820312
DT
12.0693, 0.1004, 306.3118, 17.5018, 0.0176, -1.0088, 0.7282, 0.9667658805847168
3.0783, 0.1076, 16.5217, 4.0647, 0.0184, 0.7481, 0.7641, 0.19933319091796875
5.5612, 0.0952, 55.8441, 7.4729, 0.0145, -1.456, 0.801, 0.49846816062927246
3.5447, 0.1053, 24.9051, 4.9905, 0.0176, 0.1955, 0.7061, 0.3478353023529053
LGBM
6.8884, 0.0567, 83.5745, 9.1419, 0.0054, 0.585, 0.9258, 19.97219157218933
2.443, 0.0858, 10.27, 3.2047, 0.0111, 0.4261, 0.8534, 7.7520692348480225
3.5322, 0.0594, 21.2554, 4.6104, 0.0056, -0.2685, 0.9242, 11.865309238433838
2.2653, 0.0665, 8.8052, 2.9674, 0.0067, 0.4729, 0.8961, 10.094233989715576
RF
9.5153, 0.0804, 164.4376, 12.8233, 0.0107, -1.3875, 0.8541, 167.08529782295227
2.7709, 0.0961, 13.3851, 3.6586, 0.0144, 0.7437, 0.8089, 33.335649490356445
4.8778, 0.085, 39.8416, 6.312, 0.0111, -1.3898, 0.858, 82.69645285606384
2.9001, 0.0868, 14.5632, 3.8162, 0.0112, 0.2313, 0.8281, 55.38494157791138
XGB
8.548, 0.0704, 127.5788, 11.2951, 0.0081, 0.3775, 0.8868, 1.2906827926635742
2.6436, 0.0937, 11.8062, 3.436, 0.0131, 0.3223, 0.8314, 0.2950122356414795
4.0214, 0.067, 27.9258, 5.2845, 0.007, -0.3973, 0.9005, 0.6029829978942871
2.6197, 0.0772, 11.8239, 3.4386, 0.009, 0.4407, 0.8605, 0.5491621494293213